11 10
15 13
23 26
31 36
38 46
46 56
53 68
61 78
69 89
73 96
79 107
82 118
87 130
93 143
97 154
99 165
104 173
104 180
105 184
105 187
107 191
107 192
107 193
108 195
108 193
108 187
108 182
108 177
107 168
107 158
105 147
105 136
105 128
105 116
106 107
110 101
113 94
117 90
125 88
137 86
156 86
179 88
205 101
232 117
247 133
254 142
258 150
258 158
258 169
258 177
255 182
254 183
253 184
252 184
249 184
246 184
240 184
232 177
224 168
220 158
216 147
211 133
211 120
209 107
209 96
209 85
209 80
209 77
210 76
210 75
210 77
210 84
209 94
201 105
193 114
185 124
177 131
161 138
149 141
135 141
120 141
104 141
81 131
61 118
39 102
19 85
8 76
3 67
1 59
1 50
1 43
1 37
4 31
9 26
12 25
18 23
29 23
37 23
45 26
53 36
63 51
72 71
81 92
86 111
88 122
88 132
88 138
88 141
88 142
88 143
87 143
84 140
81 133
77 127
77 122
77 111
77 100
77 90
78 79
85 70
91 62
96 59
102 55
105 55
108 55
113 55
122 55
128 62
133 72
136 82
139 91
139 104
139 113
139 121
139 129
137 132
135 134
133 134
132 134
127 134
121 134
113 127
105 119
98 111
92 102
86 93
81 84
79 76
79 71
79 68
79 63
81 60
86 58
95 56
103 56
113 56
121 60
129 67
136 76
143 87
150 105
153 123
155 137
157 150
157 159
157 163
157 166
156 167
154 168
152 169
147 168
139 165
130 159
122 155
115 149
110 144
106 138
106 130
106 122
106 112
106 103
106 95
110 88
116 84
122 82
130 80
141 80
152 83
163 92
178 103
186 113
189 122
191 132
191 139
191 145
191 152
190 156
185 159
182 159
177 159
172 159
166 159
157 157
147 147
138 140
124 129
119 122
116 115
114 112
114 109
114 106
114 104
116 102
121 102
129 102
137 102
147 106
154 109
160 116
161 123
163 128
163 134
163 139
163 145
159 148
156 151
153 153
147 153
139 153
131 153
126 153
117 149
110 146
105 144
103 143
101 141
100 141
100 144
100 145
99 148
93 152
84 156
69 160
55 163
40 165
30 165
16 165
4 163
-3 158
-12 151
-24 139
-32 130
-41 120
-45 112
-49 103
-51 95
-51 87
-51 79
-51 68
-42 58
-27 48
-9 38
9 32
25 26
32 26
39 26
43 26
49 27
55 34
61 42
67 51
71 63
76 75
76 89
76 102
76 113
76 121
73 125
71 127
69 129
68 129
66 129
61 129
53 124
44 115
36 107
32 99
30 90
30 81
30 74
30 69
30 65
33 63
35 62
36 62
37 62
41 62
47 62
57 70
65 78
73 86
79 95
84 103
86 110
86 117
86 122
86 125
85 128
83 131
81 131
80 132
